Iter	Fval	x0	x1	x2	x3	x4	x5	x6	x7	x8	x9	
1	-1.829000	0.769021	0.193025	0.802215	0.662001	0.769846	0.390030	0.899680	111.247223	0.023952	0.047481	
2	-2.440000	0.763453	0.245847	0.774392	0.661763	0.644257	0.604211	0.717531	137.429208	0.021704	0.030808	
3	-2.440000	0.763453	0.245847	0.774392	0.661763	0.644257	0.604211	0.717531	137.429208	0.021704	0.030808	
4	-2.440000	0.763453	0.245847	0.774392	0.661763	0.644257	0.604211	0.717531	137.429208	0.021704	0.030808	
5	-2.440000	0.763453	0.245847	0.774392	0.661763	0.644257	0.604211	0.717531	137.429208	0.021704	0.030808	
6	-2.595000	0.768281	0.471988	0.809659	0.675363	0.485025	0.585477	0.491762	128.742609	0.019633	0.027826	
7	-2.595000	0.768281	0.471988	0.809659	0.675363	0.485025	0.585477	0.491762	128.742609	0.019633	0.027826	
8	-2.595000	0.768281	0.471988	0.809659	0.675363	0.485025	0.585477	0.491762	128.742609	0.019633	0.027826	
9	-2.628000	0.785577	0.586476	0.746055	0.673497	0.703610	0.549846	0.243064	111.193177	0.030082	0.023085	
10	-2.628000	0.785577	0.586476	0.746055	0.673497	0.703610	0.549846	0.243064	111.193177	0.030082	0.023085	
11	-2.628000	0.785577	0.586476	0.746055	0.673497	0.703610	0.549846	0.243064	111.193177	0.030082	0.023085	
12	-2.628000	0.785577	0.586476	0.746055	0.673497	0.703610	0.549846	0.243064	111.193177	0.030082	0.023085	
13	-2.628000	0.785577	0.586476	0.746055	0.673497	0.703610	0.549846	0.243064	111.193177	0.030082	0.023085	
14	-2.628000	0.785577	0.586476	0.746055	0.673497	0.703610	0.549846	0.243064	111.193177	0.030082	0.023085	
15	-2.628000	0.785577	0.586476	0.746055	0.673497	0.703610	0.549846	0.243064	111.193177	0.030082	0.023085	
16	-2.628000	0.785577	0.586476	0.746055	0.673497	0.703610	0.549846	0.243064	111.193177	0.030082	0.023085	
17	-2.628000	0.785577	0.586476	0.746055	0.673497	0.703610	0.549846	0.243064	111.193177	0.030082	0.023085	
18	-2.628000	0.785577	0.586476	0.746055	0.673497	0.703610	0.549846	0.243064	111.193177	0.030082	0.023085	
19	-2.628000	0.785577	0.586476	0.746055	0.673497	0.703610	0.549846	0.243064	111.193177	0.030082	0.023085	
20	-2.628000	0.785577	0.586476	0.746055	0.673497	0.703610	0.549846	0.243064	111.193177	0.030082	0.023085	
21	-2.628000	0.785577	0.586476	0.746055	0.673497	0.703610	0.549846	0.243064	111.193177	0.030082	0.023085	
22	-2.628000	0.785577	0.586476	0.746055	0.673497	0.703610	0.549846	0.243064	111.193177	0.030082	0.023085	
23	-2.628000	0.785577	0.586476	0.746055	0.673497	0.703610	0.549846	0.243064	111.193177	0.030082	0.023085	
24	-2.628000	0.785577	0.586476	0.746055	0.673497	0.703610	0.549846	0.243064	111.193177	0.030082	0.023085	
25	-2.628000	0.785577	0.586476	0.746055	0.673497	0.703610	0.549846	0.243064	111.193177	0.030082	0.023085	
26	-2.628000	0.785577	0.586476	0.746055	0.673497	0.703610	0.549846	0.243064	111.193177	0.030082	0.023085	
27	-2.628000	0.785577	0.586476	0.746055	0.673497	0.703610	0.549846	0.243064	111.193177	0.030082	0.023085	
28	-2.628000	0.785577	0.586476	0.746055	0.673497	0.703610	0.549846	0.243064	111.193177	0.030082	0.023085	
29	-2.628000	0.785577	0.586476	0.746055	0.673497	0.703610	0.549846	0.243064	111.193177	0.030082	0.023085	
30	-2.628000	0.785577	0.586476	0.746055	0.673497	0.703610	0.549846	0.243064	111.193177	0.030082	0.023085	
31	-2.628000	0.785577	0.586476	0.746055	0.673497	0.703610	0.549846	0.243064	111.193177	0.030082	0.023085	
32	-2.628000	0.785577	0.586476	0.746055	0.673497	0.703610	0.549846	0.243064	111.193177	0.030082	0.023085	
33	-2.628000	0.785577	0.586476	0.746055	0.673497	0.703610	0.549846	0.243064	111.193177	0.030082	0.023085	
34	-2.628000	0.785577	0.586476	0.746055	0.673497	0.703610	0.549846	0.243064	111.193177	0.030082	0.023085	
35	-2.628000	0.785577	0.586476	0.746055	0.673497	0.703610	0.549846	0.243064	111.193177	0.030082	0.023085	
36	-2.628000	0.785577	0.586476	0.746055	0.673497	0.703610	0.549846	0.243064	111.193177	0.030082	0.023085	
37	-2.628000	0.785577	0.586476	0.746055	0.673497	0.703610	0.549846	0.243064	111.193177	0.030082	0.023085	
38	-2.628000	0.785577	0.586476	0.746055	0.673497	0.703610	0.549846	0.243064	111.193177	0.030082	0.023085	
39	-2.628000	0.785577	0.586476	0.746055	0.673497	0.703610	0.549846	0.243064	111.193177	0.030082	0.023085	
40	-2.628000	0.785577	0.586476	0.746055	0.673497	0.703610	0.549846	0.243064	111.193177	0.030082	0.023085	
41	-2.628000	0.785577	0.586476	0.746055	0.673497	0.703610	0.549846	0.243064	111.193177	0.030082	0.023085	
42	-2.628000	0.785577	0.586476	0.746055	0.673497	0.703610	0.549846	0.243064	111.193177	0.030082	0.023085	
43	-2.628000	0.785577	0.586476	0.746055	0.673497	0.703610	0.549846	0.243064	111.193177	0.030082	0.023085	
44	-2.628000	0.785577	0.586476	0.746055	0.673497	0.703610	0.549846	0.243064	111.193177	0.030082	0.023085	
45	-2.628000	0.785577	0.586476	0.746055	0.673497	0.703610	0.549846	0.243064	111.193177	0.030082	0.023085	
46	-2.628000	0.785577	0.586476	0.746055	0.673497	0.703610	0.549846	0.243064	111.193177	0.030082	0.023085	
47	-2.628000	0.785577	0.586476	0.746055	0.673497	0.703610	0.549846	0.243064	111.193177	0.030082	0.023085	
48	-2.628000	0.785577	0.586476	0.746055	0.673497	0.703610	0.549846	0.243064	111.193177	0.030082	0.023085	
49	-2.628000	0.785577	0.586476	0.746055	0.673497	0.703610	0.549846	0.243064	111.193177	0.030082	0.023085	
50	-2.628000	0.785577	0.586476	0.746055	0.673497	0.703610	0.549846	0.243064	111.193177	0.030082	0.023085	
51	-2.628000	0.785577	0.586476	0.746055	0.673497	0.703610	0.549846	0.243064	111.193177	0.030082	0.023085	
52	-2.628000	0.785577	0.586476	0.746055	0.673497	0.703610	0.549846	0.243064	111.193177	0.030082	0.023085	
53	-2.628000	0.785577	0.586476	0.746055	0.673497	0.703610	0.549846	0.243064	111.193177	0.030082	0.023085	
54	-2.628000	0.785577	0.586476	0.746055	0.673497	0.703610	0.549846	0.243064	111.193177	0.030082	0.023085	
55	-2.628000	0.785577	0.586476	0.746055	0.673497	0.703610	0.549846	0.243064	111.193177	0.030082	0.023085	
56	-2.628000	0.785577	0.586476	0.746055	0.673497	0.703610	0.549846	0.243064	111.193177	0.030082	0.023085	
57	-2.628000	0.785577	0.586476	0.746055	0.673497	0.703610	0.549846	0.243064	111.193177	0.030082	0.023085	
58	-2.628000	0.785577	0.586476	0.746055	0.673497	0.703610	0.549846	0.243064	111.193177	0.030082	0.023085	
59	-2.628000	0.785577	0.586476	0.746055	0.673497	0.703610	0.549846	0.243064	111.193177	0.030082	0.023085	
60	-2.628000	0.785577	0.586476	0.746055	0.673497	0.703610	0.549846	0.243064	111.193177	0.030082	0.023085	
61	-2.628000	0.785577	0.586476	0.746055	0.673497	0.703610	0.549846	0.243064	111.193177	0.030082	0.023085	
62	-2.628000	0.785577	0.586476	0.746055	0.673497	0.703610	0.549846	0.243064	111.193177	0.030082	0.023085	
63	-2.628000	0.785577	0.586476	0.746055	0.673497	0.703610	0.549846	0.243064	111.193177	0.030082	0.023085	
64	-2.628000	0.785577	0.586476	0.746055	0.673497	0.703610	0.549846	0.243064	111.193177	0.030082	0.023085	
65	-2.628000	0.785577	0.586476	0.746055	0.673497	0.703610	0.549846	0.243064	111.193177	0.030082	0.023085	
66	-2.628000	0.785577	0.586476	0.746055	0.673497	0.703610	0.549846	0.243064	111.193177	0.030082	0.023085	
67	-2.628000	0.785577	0.586476	0.746055	0.673497	0.703610	0.549846	0.243064	111.193177	0.030082	0.023085	
68	-2.628000	0.785577	0.586476	0.746055	0.673497	0.703610	0.549846	0.243064	111.193177	0.030082	0.023085	
69	-2.628000	0.785577	0.586476	0.746055	0.673497	0.703610	0.549846	0.243064	111.193177	0.030082	0.023085	
70	-2.628000	0.785577	0.586476	0.746055	0.673497	0.703610	0.549846	0.243064	111.193177	0.030082	0.023085	
71	-2.628000	0.785577	0.586476	0.746055	0.673497	0.703610	0.549846	0.243064	111.193177	0.030082	0.023085	
72	-2.628000	0.785577	0.586476	0.746055	0.673497	0.703610	0.549846	0.243064	111.193177	0.030082	0.023085	
73	-2.628000	0.785577	0.586476	0.746055	0.673497	0.703610	0.549846	0.243064	111.193177	0.030082	0.023085	
74	-2.628000	0.785577	0.586476	0.746055	0.673497	0.703610	0.549846	0.243064	111.193177	0.030082	0.023085	
75	-2.628000	0.785577	0.586476	0.746055	0.673497	0.703610	0.549846	0.243064	111.193177	0.030082	0.023085	
76	-2.628000	0.785577	0.586476	0.746055	0.673497	0.703610	0.549846	0.243064	111.193177	0.030082	0.023085	
77	-2.628000	0.785577	0.586476	0.746055	0.673497	0.703610	0.549846	0.243064	111.193177	0.030082	0.023085	
78	-2.628000	0.785577	0.586476	0.746055	0.673497	0.703610	0.549846	0.243064	111.193177	0.030082	0.023085	
79	-2.628000	0.785577	0.586476	0.746055	0.673497	0.703610	0.549846	0.243064	111.193177	0.030082	0.023085	
80	-2.628000	0.785577	0.586476	0.746055	0.673497	0.703610	0.549846	0.243064	111.193177	0.030082	0.023085	
81	-2.628000	0.785577	0.586476	0.746055	0.673497	0.703610	0.549846	0.243064	111.193177	0.030082	0.023085	
82	-2.628000	0.785577	0.586476	0.746055	0.673497	0.703610	0.549846	0.243064	111.193177	0.030082	0.023085	
83	-2.628000	0.785577	0.586476	0.746055	0.673497	0.703610	0.549846	0.243064	111.193177	0.030082	0.023085	
84	-2.628000	0.785577	0.586476	0.746055	0.673497	0.703610	0.549846	0.243064	111.193177	0.030082	0.023085	
85	-2.628000	0.785577	0.586476	0.746055	0.673497	0.703610	0.549846	0.243064	111.193177	0.030082	0.023085	
86	-2.628000	0.785577	0.586476	0.746055	0.673497	0.703610	0.549846	0.243064	111.193177	0.030082	0.023085	
87	-2.628000	0.785577	0.586476	0.746055	0.673497	0.703610	0.549846	0.243064	111.193177	0.030082	0.023085	
88	-2.628000	0.785577	0.586476	0.746055	0.673497	0.703610	0.549846	0.243064	111.193177	0.030082	0.023085	
89	-2.628000	0.785577	0.586476	0.746055	0.673497	0.703610	0.549846	0.243064	111.193177	0.030082	0.023085	
90	-2.628000	0.785577	0.586476	0.746055	0.673497	0.703610	0.549846	0.243064	111.193177	0.030082	0.023085	
91	-2.628000	0.785577	0.586476	0.746055	0.673497	0.703610	0.549846	0.243064	111.193177	0.030082	0.023085	
92	-2.628000	0.785577	0.586476	0.746055	0.673497	0.703610	0.549846	0.243064	111.193177	0.030082	0.023085	
93	-2.628000	0.785577	0.586476	0.746055	0.673497	0.703610	0.549846	0.243064	111.193177	0.030082	0.023085	
94	-2.628000	0.785577	0.586476	0.746055	0.673497	0.703610	0.549846	0.243064	111.193177	0.030082	0.023085	
95	-2.628000	0.785577	0.586476	0.746055	0.673497	0.703610	0.549846	0.243064	111.193177	0.030082	0.023085	
96	-2.628000	0.785577	0.586476	0.746055	0.673497	0.703610	0.549846	0.243064	111.193177	0.030082	0.023085	
97	-2.628000	0.785577	0.586476	0.746055	0.673497	0.703610	0.549846	0.243064	111.193177	0.030082	0.023085	
98	-2.628000	0.785577	0.586476	0.746055	0.673497	0.703610	0.549846	0.243064	111.193177	0.030082	0.023085	
99	-2.628000	0.785577	0.586476	0.746055	0.673497	0.703610	0.549846	0.243064	111.193177	0.030082	0.023085	
100	-2.628000	0.785577	0.586476	0.746055	0.673497	0.703610	0.549846	0.243064	111.193177	0.030082	0.023085	
101	-2.628000	0.785577	0.586476	0.746055	0.673497	0.703610	0.549846	0.243064	111.193177	0.030082	0.023085	
102	-2.628000	0.785577	0.586476	0.746055	0.673497	0.703610	0.549846	0.243064	111.193177	0.030082	0.023085	
103	-2.628000	0.785577	0.586476	0.746055	0.673497	0.703610	0.549846	0.243064	111.193177	0.030082	0.023085	
104	-2.628000	0.785577	0.586476	0.746055	0.673497	0.703610	0.549846	0.243064	111.193177	0.030082	0.023085	
105	-2.652000	0.772633	0.528427	0.756174	0.670665	0.421782	0.563664	0.475637	121.427830	0.023556	0.026575	
106	-2.628000	0.785577	0.586476	0.746055	0.673497	0.703610	0.549846	0.243064	111.193177	0.030082	0.023085	
107	-2.628000	0.785577	0.586476	0.746055	0.673497	0.703610	0.549846	0.243064	111.193177	0.030082	0.023085	
108	-2.628000	0.785577	0.586476	0.746055	0.673497	0.703610	0.549846	0.243064	111.193177	0.030082	0.023085	
109	-2.628000	0.785577	0.586476	0.746055	0.673497	0.703610	0.549846	0.243064	111.193177	0.030082	0.023085	
110	-2.628000	0.785577	0.586476	0.746055	0.673497	0.703610	0.549846	0.243064	111.193177	0.030082	0.023085	
111	-2.628000	0.785577	0.586476	0.746055	0.673497	0.703610	0.549846	0.243064	111.193177	0.030082	0.023085	
112	-2.628000	0.785577	0.586476	0.746055	0.673497	0.703610	0.549846	0.243064	111.193177	0.030082	0.023085	
113	-2.628000	0.785577	0.586476	0.746055	0.673497	0.703610	0.549846	0.243064	111.193177	0.030082	0.023085	
114	-2.628000	0.785577	0.586476	0.746055	0.673497	0.703610	0.549846	0.243064	111.193177	0.030082	0.023085	
115	-2.628000	0.785577	0.586476	0.746055	0.673497	0.703610	0.549846	0.243064	111.193177	0.030082	0.023085	
116	-2.628000	0.785577	0.586476	0.746055	0.673497	0.703610	0.549846	0.243064	111.193177	0.030082	0.023085	
117	-2.628000	0.785577	0.586476	0.746055	0.673497	0.703610	0.549846	0.243064	111.193177	0.030082	0.023085	
118	-2.628000	0.785577	0.586476	0.746055	0.673497	0.703610	0.549846	0.243064	111.193177	0.030082	0.023085	
119	-2.628000	0.785577	0.586476	0.746055	0.673497	0.703610	0.549846	0.243064	111.193177	0.030082	0.023085	
120	-2.628000	0.785577	0.586476	0.746055	0.673497	0.703610	0.549846	0.243064	111.193177	0.030082	0.023085	
121	-2.628000	0.785577	0.586476	0.746055	0.673497	0.703610	0.549846	0.243064	111.193177	0.030082	0.023085	
122	-2.628000	0.785577	0.586476	0.746055	0.673497	0.703610	0.549846	0.243064	111.193177	0.030082	0.023085	
123	-2.628000	0.785577	0.586476	0.746055	0.673497	0.703610	0.549846	0.243064	111.193177	0.030082	0.023085	
124	-2.628000	0.785577	0.586476	0.746055	0.673497	0.703610	0.549846	0.243064	111.193177	0.030082	0.023085	
125	-2.628000	0.785577	0.586476	0.746055	0.673497	0.703610	0.549846	0.243064	111.193177	0.030082	0.023085	
126	-2.628000	0.785577	0.586476	0.746055	0.673497	0.703610	0.549846	0.243064	111.193177	0.030082	0.023085	
127	-2.628000	0.785577	0.586476	0.746055	0.673497	0.703610	0.549846	0.243064	111.193177	0.030082	0.023085	
128	-2.628000	0.785577	0.586476	0.746055	0.673497	0.703610	0.549846	0.243064	111.193177	0.030082	0.023085	
129	-2.628000	0.785577	0.586476	0.746055	0.673497	0.703610	0.549846	0.243064	111.193177	0.030082	0.023085	
130	-2.628000	0.785577	0.586476	0.746055	0.673497	0.703610	0.549846	0.243064	111.193177	0.030082	0.023085	
131	-2.628000	0.785577	0.586476	0.746055	0.673497	0.703610	0.549846	0.243064	111.193177	0.030082	0.023085	
132	-2.628000	0.785577	0.586476	0.746055	0.673497	0.703610	0.549846	0.243064	111.193177	0.030082	0.023085	
133	-2.628000	0.785577	0.586476	0.746055	0.673497	0.703610	0.549846	0.243064	111.193177	0.030082	0.023085	
134	-2.628000	0.785577	0.586476	0.746055	0.673497	0.703610	0.549846	0.243064	111.193177	0.030082	0.023085	
135	-2.628000	0.785577	0.586476	0.746055	0.673497	0.703610	0.549846	0.243064	111.193177	0.030082	0.023085	
136	-2.628000	0.785577	0.586476	0.746055	0.673497	0.703610	0.549846	0.243064	111.193177	0.030082	0.023085	
137	-2.628000	0.785577	0.586476	0.746055	0.673497	0.703610	0.549846	0.243064	111.193177	0.030082	0.023085	
138	-2.628000	0.785577	0.586476	0.746055	0.673497	0.703610	0.549846	0.243064	111.193177	0.030082	0.023085	
139	-2.628000	0.785577	0.586476	0.746055	0.673497	0.703610	0.549846	0.243064	111.193177	0.030082	0.023085	
140	-2.628000	0.785577	0.586476	0.746055	0.673497	0.703610	0.549846	0.243064	111.193177	0.030082	0.023085	
141	-2.628000	0.785577	0.586476	0.746055	0.673497	0.703610	0.549846	0.243064	111.193177	0.030082	0.023085	
142	-2.628000	0.785577	0.586476	0.746055	0.673497	0.703610	0.549846	0.243064	111.193177	0.030082	0.023085	
143	-2.628000	0.785577	0.586476	0.746055	0.673497	0.703610	0.549846	0.243064	111.193177	0.030082	0.023085	
144	-2.628000	0.785577	0.586476	0.746055	0.673497	0.703610	0.549846	0.243064	111.193177	0.030082	0.023085	
145	-2.628000	0.785577	0.586476	0.746055	0.673497	0.703610	0.549846	0.243064	111.193177	0.030082	0.023085	
146	-2.628000	0.785577	0.586476	0.746055	0.673497	0.703610	0.549846	0.243064	111.193177	0.030082	0.023085	
147	-2.628000	0.785577	0.586476	0.746055	0.673497	0.703610	0.549846	0.243064	111.193177	0.030082	0.023085	
148	-2.628000	0.785577	0.586476	0.746055	0.673497	0.703610	0.549846	0.243064	111.193177	0.030082	0.023085	
149	-2.628000	0.785577	0.586476	0.746055	0.673497	0.703610	0.549846	0.243064	111.193177	0.030082	0.023085	
150	-2.628000	0.785577	0.586476	0.746055	0.673497	0.703610	0.549846	0.243064	111.193177	0.030082	0.023085	
151	-2.628000	0.785577	0.586476	0.746055	0.673497	0.703610	0.549846	0.243064	111.193177	0.030082	0.023085	
152	-2.628000	0.785577	0.586476	0.746055	0.673497	0.703610	0.549846	0.243064	111.193177	0.030082	0.023085	
153	-2.628000	0.785577	0.586476	0.746055	0.673497	0.703610	0.549846	0.243064	111.193177	0.030082	0.023085	
154	-2.628000	0.785577	0.586476	0.746055	0.673497	0.703610	0.549846	0.243064	111.193177	0.030082	0.023085	
155	-2.628000	0.785577	0.586476	0.746055	0.673497	0.703610	0.549846	0.243064	111.193177	0.030082	0.023085	
156	-2.628000	0.785577	0.586476	0.746055	0.673497	0.703610	0.549846	0.243064	111.193177	0.030082	0.023085	
157	-2.628000	0.785577	0.586476	0.746055	0.673497	0.703610	0.549846	0.243064	111.193177	0.030082	0.023085	
158	-2.628000	0.785577	0.586476	0.746055	0.673497	0.703610	0.549846	0.243064	111.193177	0.030082	0.023085	
159	-2.628000	0.785577	0.586476	0.746055	0.673497	0.703610	0.549846	0.243064	111.193177	0.030082	0.023085	
160	-2.628000	0.785577	0.586476	0.746055	0.673497	0.703610	0.549846	0.243064	111.193177	0.030082	0.023085	
161	-2.628000	0.785577	0.586476	0.746055	0.673497	0.703610	0.549846	0.243064	111.193177	0.030082	0.023085	
162	-2.628000	0.785577	0.586476	0.746055	0.673497	0.703610	0.549846	0.243064	111.193177	0.030082	0.023085	
163	-2.628000	0.785577	0.586476	0.746055	0.673497	0.703610	0.549846	0.243064	111.193177	0.030082	0.023085	
164	-2.628000	0.785577	0.586476	0.746055	0.673497	0.703610	0.549846	0.243064	111.193177	0.030082	0.023085	
165	-2.628000	0.785577	0.586476	0.746055	0.673497	0.703610	0.549846	0.243064	111.193177	0.030082	0.023085	
166	-2.628000	0.785577	0.586476	0.746055	0.673497	0.703610	0.549846	0.243064	111.193177	0.030082	0.023085	
167	-2.628000	0.785577	0.586476	0.746055	0.673497	0.703610	0.549846	0.243064	111.193177	0.030082	0.023085	
168	-2.628000	0.785577	0.586476	0.746055	0.673497	0.703610	0.549846	0.243064	111.193177	0.030082	0.023085	
169	-2.628000	0.785577	0.586476	0.746055	0.673497	0.703610	0.549846	0.243064	111.193177	0.030082	0.023085	
170	-2.628000	0.785577	0.586476	0.746055	0.673497	0.703610	0.549846	0.243064	111.193177	0.030082	0.023085	
171	-2.628000	0.785577	0.586476	0.746055	0.673497	0.703610	0.549846	0.243064	111.193177	0.030082	0.023085	
172	-2.628000	0.785577	0.586476	0.746055	0.673497	0.703610	0.549846	0.243064	111.193177	0.030082	0.023085	
173	-2.628000	0.785577	0.586476	0.746055	0.673497	0.703610	0.549846	0.243064	111.193177	0.030082	0.023085	
174	-2.628000	0.785577	0.586476	0.746055	0.673497	0.703610	0.549846	0.243064	111.193177	0.030082	0.023085	
175	-2.628000	0.785577	0.586476	0.746055	0.673497	0.703610	0.549846	0.243064	111.193177	0.030082	0.023085	
176	-2.628000	0.785577	0.586476	0.746055	0.673497	0.703610	0.549846	0.243064	111.193177	0.030082	0.023085	
177	-2.628000	0.785577	0.586476	0.746055	0.673497	0.703610	0.549846	0.243064	111.193177	0.030082	0.023085	
178	-2.628000	0.785577	0.586476	0.746055	0.673497	0.703610	0.549846	0.243064	111.193177	0.030082	0.023085	
179	-2.628000	0.785577	0.586476	0.746055	0.673497	0.703610	0.549846	0.243064	111.193177	0.030082	0.023085	
180	-2.628000	0.785577	0.586476	0.746055	0.673497	0.703610	0.549846	0.243064	111.193177	0.030082	0.023085	
181	-2.628000	0.785577	0.586476	0.746055	0.673497	0.703610	0.549846	0.243064	111.193177	0.030082	0.023085	
182	-2.628000	0.785577	0.586476	0.746055	0.673497	0.703610	0.549846	0.243064	111.193177	0.030082	0.023085	
183	-2.628000	0.785577	0.586476	0.746055	0.673497	0.703610	0.549846	0.243064	111.193177	0.030082	0.023085	
184	-2.628000	0.785577	0.586476	0.746055	0.673497	0.703610	0.549846	0.243064	111.193177	0.030082	0.023085	
185	-2.628000	0.785577	0.586476	0.746055	0.673497	0.703610	0.549846	0.243064	111.193177	0.030082	0.023085	
186	-2.628000	0.785577	0.586476	0.746055	0.673497	0.703610	0.549846	0.243064	111.193177	0.030082	0.023085	
187	-2.628000	0.785577	0.586476	0.746055	0.673497	0.703610	0.549846	0.243064	111.193177	0.030082	0.023085	
188	-2.628000	0.785577	0.586476	0.746055	0.673497	0.703610	0.549846	0.243064	111.193177	0.030082	0.023085	
189	-2.628000	0.785577	0.586476	0.746055	0.673497	0.703610	0.549846	0.243064	111.193177	0.030082	0.023085	
190	-2.628000	0.785577	0.586476	0.746055	0.673497	0.703610	0.549846	0.243064	111.193177	0.030082	0.023085	
191	-2.628000	0.785577	0.586476	0.746055	0.673497	0.703610	0.549846	0.243064	111.193177	0.030082	0.023085	
192	-2.628000	0.785577	0.586476	0.746055	0.673497	0.703610	0.549846	0.243064	111.193177	0.030082	0.023085	
193	-2.628000	0.785577	0.586476	0.746055	0.673497	0.703610	0.549846	0.243064	111.193177	0.030082	0.023085	
194	-2.628000	0.785577	0.586476	0.746055	0.673497	0.703610	0.549846	0.243064	111.193177	0.030082	0.023085	
195	-2.628000	0.785577	0.586476	0.746055	0.673497	0.703610	0.549846	0.243064	111.193177	0.030082	0.023085	
196	-2.628000	0.785577	0.586476	0.746055	0.673497	0.703610	0.549846	0.243064	111.193177	0.030082	0.023085	
197	-2.647000	0.784861	0.586126	0.746951	0.673092	0.621532	0.562832	0.416669	113.176223	0.029442	0.024421	
198	-2.647000	0.784861	0.586126	0.746951	0.673092	0.621532	0.562832	0.416669	113.176223	0.029442	0.024421	
199	-2.647000	0.784861	0.586126	0.746951	0.673092	0.621532	0.562832	0.416669	113.176223	0.029442	0.024421	
200	-2.647000	0.784861	0.586126	0.746951	0.673092	0.621532	0.562832	0.416669	113.176223	0.029442	0.024421	
201	-2.647000	0.784861	0.586126	0.746951	0.673092	0.621532	0.562832	0.416669	113.176223	0.029442	0.024421	
202	-2.647000	0.784861	0.586126	0.746951	0.673092	0.621532	0.562832	0.416669	113.176223	0.029442	0.024421	
203	-2.647000	0.784861	0.586126	0.746951	0.673092	0.621532	0.562832	0.416669	113.176223	0.029442	0.024421	
204	-2.647000	0.784861	0.586126	0.746951	0.673092	0.621532	0.562832	0.416669	113.176223	0.029442	0.024421	
205	-2.647000	0.784861	0.586126	0.746951	0.673092	0.621532	0.562832	0.416669	113.176223	0.029442	0.024421	
206	-2.628000	0.785577	0.586476	0.746055	0.673497	0.703610	0.549846	0.243064	111.193177	0.030082	0.023085	
207	-2.628000	0.785577	0.586476	0.746055	0.673497	0.703610	0.549846	0.243064	111.193177	0.030082	0.023085	
208	-2.628000	0.785577	0.586476	0.746055	0.673497	0.703610	0.549846	0.243064	111.193177	0.030082	0.023085	
209	-2.628000	0.785577	0.586476	0.746055	0.673497	0.703610	0.549846	0.243064	111.193177	0.030082	0.023085	
210	-2.628000	0.785577	0.586476	0.746055	0.673497	0.703610	0.549846	0.243064	111.193177	0.030082	0.023085	
211	-2.628000	0.785577	0.586476	0.746055	0.673497	0.703610	0.549846	0.243064	111.193177	0.030082	0.023085	
212	-2.628000	0.785577	0.586476	0.746055	0.673497	0.703610	0.549846	0.243064	111.193177	0.030082	0.023085	
213	-2.628000	0.785577	0.586476	0.746055	0.673497	0.703610	0.549846	0.243064	111.193177	0.030082	0.023085	
214	-2.628000	0.785577	0.586476	0.746055	0.673497	0.703610	0.549846	0.243064	111.193177	0.030082	0.023085	
215	-2.628000	0.785577	0.586476	0.746055	0.673497	0.703610	0.549846	0.243064	111.193177	0.030082	0.023085	
216	-2.628000	0.785577	0.586476	0.746055	0.673497	0.703610	0.549846	0.243064	111.193177	0.030082	0.023085	
217	-2.628000	0.785577	0.586476	0.746055	0.673497	0.703610	0.549846	0.243064	111.193177	0.030082	0.023085	
218	-2.632000	0.785529	0.582160	0.753750	0.674548	0.669331	0.547187	0.330401	113.350261	0.028808	0.025023	
219	-2.632000	0.785529	0.582160	0.753750	0.674548	0.669331	0.547187	0.330401	113.350261	0.028808	0.025023	
220	-2.628000	0.785577	0.586476	0.746055	0.673497	0.703610	0.549846	0.243064	111.193177	0.030082	0.023085	
221	-2.628000	0.785577	0.586476	0.746055	0.673497	0.703610	0.549846	0.243064	111.193177	0.030082	0.023085	
222	-2.628000	0.785577	0.586476	0.746055	0.673497	0.703610	0.549846	0.243064	111.193177	0.030082	0.023085	
223	-2.628000	0.785577	0.586476	0.746055	0.673497	0.703610	0.549846	0.243064	111.193177	0.030082	0.023085	
224	-2.628000	0.785577	0.586476	0.746055	0.673497	0.703610	0.549846	0.243064	111.193177	0.030082	0.023085	
225	-2.628000	0.785577	0.586476	0.746055	0.673497	0.703610	0.549846	0.243064	111.193177	0.030082	0.023085	
226	-2.636000	0.785041	0.552546	0.753215	0.674583	0.695187	0.486083	0.339516	120.946348	0.025311	0.026013	
227	-2.636000	0.785041	0.552546	0.753215	0.674583	0.695187	0.486083	0.339516	120.946348	0.025311	0.026013	
228	-2.636000	0.785041	0.552546	0.753215	0.674583	0.695187	0.486083	0.339516	120.946348	0.025311	0.026013	
229	-2.636000	0.785041	0.552546	0.753215	0.674583	0.695187	0.486083	0.339516	120.946348	0.025311	0.026013	
230	-2.636000	0.785041	0.552546	0.753215	0.674583	0.695187	0.486083	0.339516	120.946348	0.025311	0.026013	
231	-2.636000	0.785041	0.552546	0.753215	0.674583	0.695187	0.486083	0.339516	120.946348	0.025311	0.026013	
232	-2.628000	0.785577	0.586476	0.746055	0.673497	0.703610	0.549846	0.243064	111.193177	0.030082	0.023085	
233	-2.628000	0.785577	0.586476	0.746055	0.673497	0.703610	0.549846	0.243064	111.193177	0.030082	0.023085	
234	-2.628000	0.785577	0.586476	0.746055	0.673497	0.703610	0.549846	0.243064	111.193177	0.030082	0.023085	
235	-2.632000	0.785526	0.607567	0.754579	0.676713	0.691028	0.561274	0.332199	110.559606	0.029351	0.022853	
236	-2.632000	0.785526	0.607567	0.754579	0.676713	0.691028	0.561274	0.332199	110.559606	0.029351	0.022853	
237	-2.632000	0.785526	0.607567	0.754579	0.676713	0.691028	0.561274	0.332199	110.559606	0.029351	0.022853	
238	-2.632000	0.785526	0.607567	0.754579	0.676713	0.691028	0.561274	0.332199	110.559606	0.029351	0.022853	
239	-2.632000	0.785526	0.607567	0.754579	0.676713	0.691028	0.561274	0.332199	110.559606	0.029351	0.022853	
240	-2.632000	0.785526	0.607567	0.754579	0.676713	0.691028	0.561274	0.332199	110.559606	0.029351	0.022853	
241	-2.628000	0.785577	0.586476	0.746055	0.673497	0.703610	0.549846	0.243064	111.193177	0.030082	0.023085	
242	-2.639000	0.787025	0.588374	0.750371	0.674046	0.702912	0.562837	0.260413	116.086265	0.027462	0.023558	
243	-2.639000	0.787025	0.588374	0.750371	0.674046	0.702912	0.562837	0.260413	116.086265	0.027462	0.023558	
244	-2.628000	0.785577	0.586476	0.746055	0.673497	0.703610	0.549846	0.243064	111.193177	0.030082	0.023085	
245	-2.628000	0.785577	0.586476	0.746055	0.673497	0.703610	0.549846	0.243064	111.193177	0.030082	0.023085	
246	-2.628000	0.785577	0.586476	0.746055	0.673497	0.703610	0.549846	0.243064	111.193177	0.030082	0.023085	
247	-2.628000	0.785577	0.586476	0.746055	0.673497	0.703610	0.549846	0.243064	111.193177	0.030082	0.023085	
248	-2.628000	0.785577	0.586476	0.746055	0.673497	0.703610	0.549846	0.243064	111.193177	0.030082	0.023085	
249	-2.628000	0.785577	0.586476	0.746055	0.673497	0.703610	0.549846	0.243064	111.193177	0.030082	0.023085	
250	-2.628000	0.785577	0.586476	0.746055	0.673497	0.703610	0.549846	0.243064	111.193177	0.030082	0.023085	
251	-2.628000	0.785577	0.586476	0.746055	0.673497	0.703610	0.549846	0.243064	111.193177	0.030082	0.023085	
252	-2.628000	0.785577	0.586476	0.746055	0.673497	0.703610	0.549846	0.243064	111.193177	0.030082	0.023085	
253	-2.628000	0.785577	0.586476	0.746055	0.673497	0.703610	0.549846	0.243064	111.193177	0.030082	0.023085	
254	-2.628000	0.785577	0.586476	0.746055	0.673497	0.703610	0.549846	0.243064	111.193177	0.030082	0.023085	
255	-2.628000	0.785577	0.586476	0.746055	0.673497	0.703610	0.549846	0.243064	111.193177	0.030082	0.023085	
256	-2.628000	0.785577	0.586476	0.746055	0.673497	0.703610	0.549846	0.243064	111.193177	0.030082	0.023085	
257	-2.628000	0.785577	0.586476	0.746055	0.673497	0.703610	0.549846	0.243064	111.193177	0.030082	0.023085	
258	-2.628000	0.785577	0.586476	0.746055	0.673497	0.703610	0.549846	0.243064	111.193177	0.030082	0.023085	
259	-2.628000	0.785577	0.586476	0.746055	0.673497	0.703610	0.549846	0.243064	111.193177	0.030082	0.023085	
260	-2.628000	0.785577	0.586476	0.746055	0.673497	0.703610	0.549846	0.243064	111.193177	0.030082	0.023085	
261	-2.628000	0.785577	0.586476	0.746055	0.673497	0.703610	0.549846	0.243064	111.193177	0.030082	0.023085	
262	-2.628000	0.785577	0.586476	0.746055	0.673497	0.703610	0.549846	0.243064	111.193177	0.030082	0.023085	
263	-2.628000	0.785577	0.586476	0.746055	0.673497	0.703610	0.549846	0.243064	111.193177	0.030082	0.023085	
264	-2.628000	0.785577	0.586476	0.746055	0.673497	0.703610	0.549846	0.243064	111.193177	0.030082	0.023085	
265	-2.628000	0.785577	0.586476	0.746055	0.673497	0.703610	0.549846	0.243064	111.193177	0.030082	0.023085	
266	-2.628000	0.785577	0.586476	0.746055	0.673497	0.703610	0.549846	0.243064	111.193177	0.030082	0.023085	
267	-2.628000	0.785577	0.586476	0.746055	0.673497	0.703610	0.549846	0.243064	111.193177	0.030082	0.023085	
268	-2.628000	0.785577	0.586476	0.746055	0.673497	0.703610	0.549846	0.243064	111.193177	0.030082	0.023085	
269	-2.628000	0.785577	0.586476	0.746055	0.673497	0.703610	0.549846	0.243064	111.193177	0.030082	0.023085	
270	-2.628000	0.785577	0.586476	0.746055	0.673497	0.703610	0.549846	0.243064	111.193177	0.030082	0.023085	
271	-2.634000	0.783615	0.563522	0.746351	0.680462	0.555811	0.582144	0.410843	112.663969	0.028552	0.027974	
272	-2.634000	0.783615	0.563522	0.746351	0.680462	0.555811	0.582144	0.410843	112.663969	0.028552	0.027974	
273	-2.634000	0.783615	0.563522	0.746351	0.680462	0.555811	0.582144	0.410843	112.663969	0.028552	0.027974	
274	-2.634000	0.783615	0.563522	0.746351	0.680462	0.555811	0.582144	0.410843	112.663969	0.028552	0.027974	
275	-2.634000	0.783615	0.563522	0.746351	0.680462	0.555811	0.582144	0.410843	112.663969	0.028552	0.027974	
276	-2.634000	0.783615	0.563522	0.746351	0.680462	0.555811	0.582144	0.410843	112.663969	0.028552	0.027974	
277	-2.634000	0.783615	0.563522	0.746351	0.680462	0.555811	0.582144	0.410843	112.663969	0.028552	0.027974	
278	-2.634000	0.783615	0.563522	0.746351	0.680462	0.555811	0.582144	0.410843	112.663969	0.028552	0.027974	
279	-2.634000	0.783615	0.563522	0.746351	0.680462	0.555811	0.582144	0.410843	112.663969	0.028552	0.027974	
280	-2.634000	0.783615	0.563522	0.746351	0.680462	0.555811	0.582144	0.410843	112.663969	0.028552	0.027974	
281	-2.634000	0.783615	0.563522	0.746351	0.680462	0.555811	0.582144	0.410843	112.663969	0.028552	0.027974	
282	-2.634000	0.783615	0.563522	0.746351	0.680462	0.555811	0.582144	0.410843	112.663969	0.028552	0.027974	
283	-2.634000	0.783615	0.563522	0.746351	0.680462	0.555811	0.582144	0.410843	112.663969	0.028552	0.027974	
284	-2.634000	0.783615	0.563522	0.746351	0.680462	0.555811	0.582144	0.410843	112.663969	0.028552	0.027974	
285	-2.634000	0.783615	0.563522	0.746351	0.680462	0.555811	0.582144	0.410843	112.663969	0.028552	0.027974	
286	-2.634000	0.783615	0.563522	0.746351	0.680462	0.555811	0.582144	0.410843	112.663969	0.028552	0.027974	
287	-2.634000	0.783615	0.563522	0.746351	0.680462	0.555811	0.582144	0.410843	112.663969	0.028552	0.027974	
288	-2.634000	0.783615	0.563522	0.746351	0.680462	0.555811	0.582144	0.410843	112.663969	0.028552	0.027974	
289	-2.634000	0.783615	0.563522	0.746351	0.680462	0.555811	0.582144	0.410843	112.663969	0.028552	0.027974	
290	-2.634000	0.783615	0.563522	0.746351	0.680462	0.555811	0.582144	0.410843	112.663969	0.028552	0.027974	
291	-2.634000	0.783615	0.563522	0.746351	0.680462	0.555811	0.582144	0.410843	112.663969	0.028552	0.027974	
292	-2.634000	0.783615	0.563522	0.746351	0.680462	0.555811	0.582144	0.410843	112.663969	0.028552	0.027974	
293	-2.634000	0.783615	0.563522	0.746351	0.680462	0.555811	0.582144	0.410843	112.663969	0.028552	0.027974	
294	-2.634000	0.783615	0.563522	0.746351	0.680462	0.555811	0.582144	0.410843	112.663969	0.028552	0.027974	
295	-2.634000	0.783615	0.563522	0.746351	0.680462	0.555811	0.582144	0.410843	112.663969	0.028552	0.027974	
296	-2.634000	0.783615	0.563522	0.746351	0.680462	0.555811	0.582144	0.410843	112.663969	0.028552	0.027974	
297	-2.634000	0.783615	0.563522	0.746351	0.680462	0.555811	0.582144	0.410843	112.663969	0.028552	0.027974	
298	-2.634000	0.783615	0.563522	0.746351	0.680462	0.555811	0.582144	0.410843	112.663969	0.028552	0.027974	
299	-2.634000	0.783615	0.563522	0.746351	0.680462	0.555811	0.582144	0.410843	112.663969	0.028552	0.027974	
300	-2.634000	0.783615	0.563522	0.746351	0.680462	0.555811	0.582144	0.410843	112.663969	0.028552	0.027974	
301	-2.634000	0.783615	0.563522	0.746351	0.680462	0.555811	0.582144	0.410843	112.663969	0.028552	0.027974	
302	-2.634000	0.783615	0.563522	0.746351	0.680462	0.555811	0.582144	0.410843	112.663969	0.028552	0.027974	
303	-2.634000	0.783615	0.563522	0.746351	0.680462	0.555811	0.582144	0.410843	112.663969	0.028552	0.027974	
304	-2.634000	0.783615	0.563522	0.746351	0.680462	0.555811	0.582144	0.410843	112.663969	0.028552	0.027974	
305	-2.634000	0.783615	0.563522	0.746351	0.680462	0.555811	0.582144	0.410843	112.663969	0.028552	0.027974	
306	-2.634000	0.783615	0.563522	0.746351	0.680462	0.555811	0.582144	0.410843	112.663969	0.028552	0.027974	
307	-2.634000	0.783615	0.563522	0.746351	0.680462	0.555811	0.582144	0.410843	112.663969	0.028552	0.027974	
308	-2.634000	0.783615	0.563522	0.746351	0.680462	0.555811	0.582144	0.410843	112.663969	0.028552	0.027974	
309	-2.634000	0.783615	0.563522	0.746351	0.680462	0.555811	0.582144	0.410843	112.663969	0.028552	0.027974	
310	-2.634000	0.783615	0.563522	0.746351	0.680462	0.555811	0.582144	0.410843	112.663969	0.028552	0.027974	
311	-2.634000	0.783615	0.563522	0.746351	0.680462	0.555811	0.582144	0.410843	112.663969	0.028552	0.027974	
312	-2.634000	0.783615	0.563522	0.746351	0.680462	0.555811	0.582144	0.410843	112.663969	0.028552	0.027974	
313	-2.634000	0.783615	0.563522	0.746351	0.680462	0.555811	0.582144	0.410843	112.663969	0.028552	0.027974	
314	-2.634000	0.783615	0.563522	0.746351	0.680462	0.555811	0.582144	0.410843	112.663969	0.028552	0.027974	
315	-2.651000	0.787245	0.481583	0.758648	0.684074	0.560626	0.471593	0.556071	129.071630	0.025456	0.029542	
316	-2.634000	0.783615	0.563522	0.746351	0.680462	0.555811	0.582144	0.410843	112.663969	0.028552	0.027974	
317	-2.634000	0.783615	0.563522	0.746351	0.680462	0.555811	0.582144	0.410843	112.663969	0.028552	0.027974	
318	-2.634000	0.783615	0.563522	0.746351	0.680462	0.555811	0.582144	0.410843	112.663969	0.028552	0.027974	
319	-2.634000	0.783615	0.563522	0.746351	0.680462	0.555811	0.582144	0.410843	112.663969	0.028552	0.027974	
320	-2.634000	0.783615	0.563522	0.746351	0.680462	0.555811	0.582144	0.410843	112.663969	0.028552	0.027974	
321	-2.634000	0.783615	0.563522	0.746351	0.680462	0.555811	0.582144	0.410843	112.663969	0.028552	0.027974	
322	-2.634000	0.783615	0.563522	0.746351	0.680462	0.555811	0.582144	0.410843	112.663969	0.028552	0.027974	
323	-2.634000	0.783615	0.563522	0.746351	0.680462	0.555811	0.582144	0.410843	112.663969	0.028552	0.027974	
324	-2.634000	0.783615	0.563522	0.746351	0.680462	0.555811	0.582144	0.410843	112.663969	0.028552	0.027974	
325	-2.634000	0.783615	0.563522	0.746351	0.680462	0.555811	0.582144	0.410843	112.663969	0.028552	0.027974	
326	-2.634000	0.783615	0.563522	0.746351	0.680462	0.555811	0.582144	0.410843	112.663969	0.028552	0.027974	
327	-2.634000	0.783615	0.563522	0.746351	0.680462	0.555811	0.582144	0.410843	112.663969	0.028552	0.027974	
328	-2.634000	0.783615	0.563522	0.746351	0.680462	0.555811	0.582144	0.410843	112.663969	0.028552	0.027974	
329	-2.634000	0.783615	0.563522	0.746351	0.680462	0.555811	0.582144	0.410843	112.663969	0.028552	0.027974	
330	-2.636000	0.785922	0.505138	0.746808	0.678358	0.571907	0.585217	0.432301	121.414153	0.026468	0.028901	
331	-2.636000	0.785922	0.505138	0.746808	0.678358	0.571907	0.585217	0.432301	121.414153	0.026468	0.028901	
332	-2.634000	0.783615	0.563522	0.746351	0.680462	0.555811	0.582144	0.410843	112.663969	0.028552	0.027974	
333	-2.634000	0.783615	0.563522	0.746351	0.680462	0.555811	0.582144	0.410843	112.663969	0.028552	0.027974	
334	-2.634000	0.783615	0.563522	0.746351	0.680462	0.555811	0.582144	0.410843	112.663969	0.028552	0.027974	
335	-2.634000	0.783615	0.563522	0.746351	0.680462	0.555811	0.582144	0.410843	112.663969	0.028552	0.027974	
336	-2.634000	0.783615	0.563522	0.746351	0.680462	0.555811	0.582144	0.410843	112.663969	0.028552	0.027974	
337	-2.634000	0.783615	0.563522	0.746351	0.680462	0.555811	0.582144	0.410843	112.663969	0.028552	0.027974	
338	-2.634000	0.783615	0.563522	0.746351	0.680462	0.555811	0.582144	0.410843	112.663969	0.028552	0.027974	
339	-2.634000	0.783615	0.563522	0.746351	0.680462	0.555811	0.582144	0.410843	112.663969	0.028552	0.027974	
340	-2.642000	0.784404	0.487042	0.756714	0.675783	0.512512	0.551093	0.492321	125.025972	0.024528	0.031449	
341	-2.642000	0.784404	0.487042	0.756714	0.675783	0.512512	0.551093	0.492321	125.025972	0.024528	0.031449	
342	-2.642000	0.784404	0.487042	0.756714	0.675783	0.512512	0.551093	0.492321	125.025972	0.024528	0.031449	
343	-2.642000	0.784404	0.487042	0.756714	0.675783	0.512512	0.551093	0.492321	125.025972	0.024528	0.031449	
344	-2.642000	0.784404	0.487042	0.756714	0.675783	0.512512	0.551093	0.492321	125.025972	0.024528	0.031449	
345	-2.642000	0.784404	0.487042	0.756714	0.675783	0.512512	0.551093	0.492321	125.025972	0.024528	0.031449	
346	-2.642000	0.784404	0.487042	0.756714	0.675783	0.512512	0.551093	0.492321	125.025972	0.024528	0.031449	
347	-2.642000	0.784404	0.487042	0.756714	0.675783	0.512512	0.551093	0.492321	125.025972	0.024528	0.031449	
348	-2.642000	0.784404	0.487042	0.756714	0.675783	0.512512	0.551093	0.492321	125.025972	0.024528	0.031449	
349	-2.642000	0.784404	0.487042	0.756714	0.675783	0.512512	0.551093	0.492321	125.025972	0.024528	0.031449	
350	-2.642000	0.784404	0.487042	0.756714	0.675783	0.512512	0.551093	0.492321	125.025972	0.024528	0.031449	
351	-2.642000	0.784404	0.487042	0.756714	0.675783	0.512512	0.551093	0.492321	125.025972	0.024528	0.031449	
352	-2.642000	0.784404	0.487042	0.756714	0.675783	0.512512	0.551093	0.492321	125.025972	0.024528	0.031449	
353	-2.642000	0.784404	0.487042	0.756714	0.675783	0.512512	0.551093	0.492321	125.025972	0.024528	0.031449	
354	-2.642000	0.784404	0.487042	0.756714	0.675783	0.512512	0.551093	0.492321	125.025972	0.024528	0.031449	
355	-2.642000	0.784404	0.487042	0.756714	0.675783	0.512512	0.551093	0.492321	125.025972	0.024528	0.031449	
356	-2.642000	0.784404	0.487042	0.756714	0.675783	0.512512	0.551093	0.492321	125.025972	0.024528	0.031449	
357	-2.642000	0.784404	0.487042	0.756714	0.675783	0.512512	0.551093	0.492321	125.025972	0.024528	0.031449	
358	-2.642000	0.784404	0.487042	0.756714	0.675783	0.512512	0.551093	0.492321	125.025972	0.024528	0.031449	
359	-2.642000	0.784404	0.487042	0.756714	0.675783	0.512512	0.551093	0.492321	125.025972	0.024528	0.031449	
360	-2.642000	0.784404	0.487042	0.756714	0.675783	0.512512	0.551093	0.492321	125.025972	0.024528	0.031449	
361	-2.642000	0.784404	0.487042	0.756714	0.675783	0.512512	0.551093	0.492321	125.025972	0.024528	0.031449	
362	-2.642000	0.784404	0.487042	0.756714	0.675783	0.512512	0.551093	0.492321	125.025972	0.024528	0.031449	
363	-2.642000	0.784404	0.487042	0.756714	0.675783	0.512512	0.551093	0.492321	125.025972	0.024528	0.031449	
364	-2.642000	0.784404	0.487042	0.756714	0.675783	0.512512	0.551093	0.492321	125.025972	0.024528	0.031449	
365	-2.642000	0.784404	0.487042	0.756714	0.675783	0.512512	0.551093	0.492321	125.025972	0.024528	0.031449	
366	-2.642000	0.784404	0.487042	0.756714	0.675783	0.512512	0.551093	0.492321	125.025972	0.024528	0.031449	
367	-2.642000	0.784404	0.487042	0.756714	0.675783	0.512512	0.551093	0.492321	125.025972	0.024528	0.031449	
368	-2.642000	0.784404	0.487042	0.756714	0.675783	0.512512	0.551093	0.492321	125.025972	0.024528	0.031449	
369	-2.642000	0.784404	0.487042	0.756714	0.675783	0.512512	0.551093	0.492321	125.025972	0.024528	0.031449	
370	-2.642000	0.784404	0.487042	0.756714	0.675783	0.512512	0.551093	0.492321	125.025972	0.024528	0.031449	
371	-2.642000	0.784404	0.487042	0.756714	0.675783	0.512512	0.551093	0.492321	125.025972	0.024528	0.031449	
372	-2.642000	0.784404	0.487042	0.756714	0.675783	0.512512	0.551093	0.492321	125.025972	0.024528	0.031449	
373	-2.642000	0.784404	0.487042	0.756714	0.675783	0.512512	0.551093	0.492321	125.025972	0.024528	0.031449	
374	-2.642000	0.784404	0.487042	0.756714	0.675783	0.512512	0.551093	0.492321	125.025972	0.024528	0.031449	
375	-2.642000	0.784404	0.487042	0.756714	0.675783	0.512512	0.551093	0.492321	125.025972	0.024528	0.031449	
376	-2.642000	0.784404	0.487042	0.756714	0.675783	0.512512	0.551093	0.492321	125.025972	0.024528	0.031449	
377	-2.642000	0.784404	0.487042	0.756714	0.675783	0.512512	0.551093	0.492321	125.025972	0.024528	0.031449	
378	-2.642000	0.784404	0.487042	0.756714	0.675783	0.512512	0.551093	0.492321	125.025972	0.024528	0.031449	
379	-2.642000	0.784404	0.487042	0.756714	0.675783	0.512512	0.551093	0.492321	125.025972	0.024528	0.031449	
380	-2.642000	0.784404	0.487042	0.756714	0.675783	0.512512	0.551093	0.492321	125.025972	0.024528	0.031449	
381	-2.642000	0.784404	0.487042	0.756714	0.675783	0.512512	0.551093	0.492321	125.025972	0.024528	0.031449	
382	-2.642000	0.784404	0.487042	0.756714	0.675783	0.512512	0.551093	0.492321	125.025972	0.024528	0.031449	
383	-2.642000	0.784404	0.487042	0.756714	0.675783	0.512512	0.551093	0.492321	125.025972	0.024528	0.031449	
384	-2.642000	0.784404	0.487042	0.756714	0.675783	0.512512	0.551093	0.492321	125.025972	0.024528	0.031449	
385	-2.642000	0.784404	0.487042	0.756714	0.675783	0.512512	0.551093	0.492321	125.025972	0.024528	0.031449	
386	-2.642000	0.784404	0.487042	0.756714	0.675783	0.512512	0.551093	0.492321	125.025972	0.024528	0.031449	
387	-2.642000	0.784404	0.487042	0.756714	0.675783	0.512512	0.551093	0.492321	125.025972	0.024528	0.031449	
388	-2.642000	0.784404	0.487042	0.756714	0.675783	0.512512	0.551093	0.492321	125.025972	0.024528	0.031449	
389	-2.642000	0.784404	0.487042	0.756714	0.675783	0.512512	0.551093	0.492321	125.025972	0.024528	0.031449	
390	-2.643000	0.781972	0.455577	0.756953	0.674347	0.514504	0.552559	0.503285	128.365067	0.020501	0.033738	
391	-2.643000	0.781972	0.455577	0.756953	0.674347	0.514504	0.552559	0.503285	128.365067	0.020501	0.033738	
392	-2.643000	0.781972	0.455577	0.756953	0.674347	0.514504	0.552559	0.503285	128.365067	0.020501	0.033738	
393	-2.643000	0.781972	0.455577	0.756953	0.674347	0.514504	0.552559	0.503285	128.365067	0.020501	0.033738	
394	-2.643000	0.781972	0.455577	0.756953	0.674347	0.514504	0.552559	0.503285	128.365067	0.020501	0.033738	
395	-2.644000	0.781779	0.458308	0.755906	0.674271	0.517383	0.551792	0.507079	128.208014	0.020850	0.033058	
396	-2.644000	0.781779	0.458308	0.755906	0.674271	0.517383	0.551792	0.507079	128.208014	0.020850	0.033058	
397	-2.644000	0.781779	0.458308	0.755906	0.674271	0.517383	0.551792	0.507079	128.208014	0.020850	0.033058	
398	-2.644000	0.781779	0.458308	0.755906	0.674271	0.517383	0.551792	0.507079	128.208014	0.020850	0.033058	
399	-2.644000	0.781779	0.458308	0.755906	0.674271	0.517383	0.551792	0.507079	128.208014	0.020850	0.033058	