Iter	Fval	x0	x1	x2	x3	x4	x5	x6	x7	x8	x9	
1	-2.730000	0.899142	0.290301	0.790869	0.665570	0.108192	0.353575	0.140019	112.202774	-0.020591	0.014586	
2	-2.748000	0.891870	0.345885	0.819901	0.660215	0.054494	0.443208	0.111261	104.829370	-0.003091	0.009719	
3	-2.750000	0.898747	0.301799	0.815050	0.664078	0.083990	0.388196	0.126666	109.783392	-0.003857	0.012272	
4	-2.750000	0.898747	0.301799	0.815050	0.664078	0.083990	0.388196	0.126666	109.783392	-0.003857	0.012272	
5	-2.750000	0.898747	0.301799	0.815050	0.664078	0.083990	0.388196	0.126666	109.783392	-0.003857	0.012272	
6	-2.750000	0.898747	0.301799	0.815050	0.664078	0.083990	0.388196	0.126666	109.783392	-0.003857	0.012272	
7	-2.780000	0.886109	0.409483	0.820703	0.668496	0.081152	0.459058	0.105364	118.203063	-0.000092	0.015353	
8	-2.780000	0.896254	0.433773	0.812177	0.661071	0.077916	0.435748	0.111915	105.222675	-0.002105	0.014897	
9	-2.780000	0.896254	0.433773	0.812177	0.661071	0.077916	0.435748	0.111915	105.222675	-0.002105	0.014897	
10	-2.814000	0.892167	0.413560	0.811215	0.665588	0.078768	0.540952	0.113544	111.165538	0.006997	0.014825	
11	-2.814000	0.892167	0.413560	0.811215	0.665588	0.078768	0.540952	0.113544	111.165538	0.006997	0.014825	
12	-2.814000	0.892167	0.413560	0.811215	0.665588	0.078768	0.540952	0.113544	111.165538	0.006997	0.014825	
13	-2.814000	0.892167	0.413560	0.811215	0.665588	0.078768	0.540952	0.113544	111.165538	0.006997	0.014825	
14	-2.814000	0.892167	0.413560	0.811215	0.665588	0.078768	0.540952	0.113544	111.165538	0.006997	0.014825	
15	-2.814000	0.892167	0.413560	0.811215	0.665588	0.078768	0.540952	0.113544	111.165538	0.006997	0.014825	
16	-2.814000	0.892167	0.413560	0.811215	0.665588	0.078768	0.540952	0.113544	111.165538	0.006997	0.014825	
17	-2.814000	0.892167	0.413560	0.811215	0.665588	0.078768	0.540952	0.113544	111.165538	0.006997	0.014825	
18	-2.814000	0.892167	0.413560	0.811215	0.665588	0.078768	0.540952	0.113544	111.165538	0.006997	0.014825	
19	-2.814000	0.892167	0.413560	0.811215	0.665588	0.078768	0.540952	0.113544	111.165538	0.006997	0.014825	
20	-2.814000	0.892167	0.413560	0.811215	0.665588	0.078768	0.540952	0.113544	111.165538	0.006997	0.014825	
21	-2.819000	0.887295	0.395234	0.815433	0.666325	0.082318	0.478772	0.114183	129.335523	0.017670	0.013686	
22	-2.819000	0.887295	0.395234	0.815433	0.666325	0.082318	0.478772	0.114183	129.335523	0.017670	0.013686	
23	-2.821000	0.886375	0.425710	0.814262	0.666017	0.081349	0.467628	0.114729	112.585008	0.016778	0.013830	
24	-2.821000	0.886375	0.425710	0.814262	0.666017	0.081349	0.467628	0.114729	112.585008	0.016778	0.013830	
25	-2.830000	0.889031	0.407367	0.813861	0.666083	0.081401	0.520665	0.114716	112.758079	0.016772	0.014260	
26	-2.830000	0.889031	0.407367	0.813861	0.666083	0.081401	0.520665	0.114716	112.758079	0.016772	0.014260	
27	-2.830000	0.889031	0.407367	0.813861	0.666083	0.081401	0.520665	0.114716	112.758079	0.016772	0.014260	
28	-2.830000	0.889031	0.407367	0.813861	0.666083	0.081401	0.520665	0.114716	112.758079	0.016772	0.014260	
29	-2.830000	0.889031	0.407367	0.813861	0.666083	0.081401	0.520665	0.114716	112.758079	0.016772	0.014260	
30	-2.830000	0.889031	0.407367	0.813861	0.666083	0.081401	0.520665	0.114716	112.758079	0.016772	0.014260	
31	-2.830000	0.889031	0.407367	0.813861	0.666083	0.081401	0.520665	0.114716	112.758079	0.016772	0.014260	
32	-2.830000	0.889031	0.407367	0.813861	0.666083	0.081401	0.520665	0.114716	112.758079	0.016772	0.014260	
33	-2.831000	0.888870	0.413877	0.814181	0.665931	0.081410	0.518313	0.114716	115.440886	0.016629	0.013848	
34	-2.831000	0.888870	0.413877	0.814181	0.665931	0.081410	0.518313	0.114716	115.440886	0.016629	0.013848	
35	-2.831000	0.888870	0.413877	0.814181	0.665931	0.081410	0.518313	0.114716	115.440886	0.016629	0.013848	
36	-2.831000	0.888870	0.413877	0.814181	0.665931	0.081410	0.518313	0.114716	115.440886	0.016629	0.013848	
37	-2.831000	0.888870	0.413877	0.814181	0.665931	0.081410	0.518313	0.114716	115.440886	0.016629	0.013848	
38	-2.831000	0.888870	0.413877	0.814181	0.665931	0.081410	0.518313	0.114716	115.440886	0.016629	0.013848	
39	-2.831000	0.888870	0.413877	0.814181	0.665931	0.081410	0.518313	0.114716	115.440886	0.016629	0.013848	
40	-2.831000	0.888870	0.413877	0.814181	0.665931	0.081410	0.518313	0.114716	115.440886	0.016629	0.013848	
41	-2.832000	0.888528	0.419457	0.814076	0.666035	0.081373	0.514311	0.113023	115.328397	0.016165	0.013585	
42	-2.832000	0.888528	0.419457	0.814076	0.666035	0.081373	0.514311	0.113023	115.328397	0.016165	0.013585	
43	-2.835000	0.885096	0.417050	0.817083	0.666010	0.076654	0.542147	0.105227	102.586299	0.016332	0.015168	
44	-2.835000	0.885096	0.417050	0.817083	0.666010	0.076654	0.542147	0.105227	102.586299	0.016332	0.015168	
45	-2.835000	0.885096	0.417050	0.817083	0.666010	0.076654	0.542147	0.105227	102.586299	0.016332	0.015168	
46	-2.835000	0.885096	0.417050	0.817083	0.666010	0.076654	0.542147	0.105227	102.586299	0.016332	0.015168	
47	-2.835000	0.885096	0.417050	0.817083	0.666010	0.076654	0.542147	0.105227	102.586299	0.016332	0.015168	
48	-2.835000	0.885096	0.417050	0.817083	0.666010	0.076654	0.542147	0.105227	102.586299	0.016332	0.015168	
49	-2.835000	0.885096	0.417050	0.817083	0.666010	0.076654	0.542147	0.105227	102.586299	0.016332	0.015168	
50	-2.838000	0.888120	0.418593	0.816498	0.666030	0.078106	0.525515	0.111810	110.201328	0.016325	0.015137	
51	-2.838000	0.888120	0.418593	0.816498	0.666030	0.078106	0.525515	0.111810	110.201328	0.016325	0.015137	
52	-2.838000	0.888120	0.418593	0.816498	0.666030	0.078106	0.525515	0.111810	110.201328	0.016325	0.015137	
53	-2.838000	0.888120	0.418593	0.816498	0.666030	0.078106	0.525515	0.111810	110.201328	0.016325	0.015137	
54	-2.838000	0.888120	0.418593	0.816498	0.666030	0.078106	0.525515	0.111810	110.201328	0.016325	0.015137	
55	-2.838000	0.888120	0.418593	0.816498	0.666030	0.078106	0.525515	0.111810	110.201328	0.016325	0.015137	
56	-2.838000	0.888120	0.418593	0.816498	0.666030	0.078106	0.525515	0.111810	110.201328	0.016325	0.015137	
57	-2.838000	0.888120	0.418593	0.816498	0.666030	0.078106	0.525515	0.111810	110.201328	0.016325	0.015137	
58	-2.838000	0.888120	0.418593	0.816498	0.666030	0.078106	0.525515	0.111810	110.201328	0.016325	0.015137	
59	-2.838000	0.888120	0.418593	0.816498	0.666030	0.078106	0.525515	0.111810	110.201328	0.016325	0.015137	
60	-2.838000	0.888120	0.418593	0.816498	0.666030	0.078106	0.525515	0.111810	110.201328	0.016325	0.015137	
61	-2.838000	0.888120	0.418593	0.816498	0.666030	0.078106	0.525515	0.111810	110.201328	0.016325	0.015137	
62	-2.838000	0.888120	0.418593	0.816498	0.666030	0.078106	0.525515	0.111810	110.201328	0.016325	0.015137	
63	-2.838000	0.888120	0.418593	0.816498	0.666030	0.078106	0.525515	0.111810	110.201328	0.016325	0.015137	
64	-2.838000	0.888120	0.418593	0.816498	0.666030	0.078106	0.525515	0.111810	110.201328	0.016325	0.015137	
65	-2.838000	0.888120	0.418593	0.816498	0.666030	0.078106	0.525515	0.111810	110.201328	0.016325	0.015137	
66	-2.838000	0.888120	0.418593	0.816498	0.666030	0.078106	0.525515	0.111810	110.201328	0.016325	0.015137	
67	-2.838000	0.888120	0.418593	0.816498	0.666030	0.078106	0.525515	0.111810	110.201328	0.016325	0.015137	
68	-2.841000	0.887787	0.420653	0.816294	0.666016	0.078425	0.529098	0.108235	110.634980	0.016323	0.015167	
69	-2.848000	0.888499	0.434590	0.817254	0.668344	0.078455	0.522281	0.109958	98.178240	0.016299	0.015117	
70	-2.848000	0.888499	0.434590	0.817254	0.668344	0.078455	0.522281	0.109958	98.178240	0.016299	0.015117	
71	-2.848000	0.888499	0.434590	0.817254	0.668344	0.078455	0.522281	0.109958	98.178240	0.016299	0.015117	
72	-2.848000	0.888499	0.434590	0.817254	0.668344	0.078455	0.522281	0.109958	98.178240	0.016299	0.015117	
73	-2.848000	0.888499	0.434590	0.817254	0.668344	0.078455	0.522281	0.109958	98.178240	0.016299	0.015117	
74	-2.848000	0.888499	0.434590	0.817254	0.668344	0.078455	0.522281	0.109958	98.178240	0.016299	0.015117	
75	-2.848000	0.888499	0.434590	0.817254	0.668344	0.078455	0.522281	0.109958	98.178240	0.016299	0.015117	
76	-2.848000	0.888499	0.434590	0.817254	0.668344	0.078455	0.522281	0.109958	98.178240	0.016299	0.015117	
77	-2.848000	0.888499	0.434590	0.817254	0.668344	0.078455	0.522281	0.109958	98.178240	0.016299	0.015117	
78	-2.848000	0.888499	0.434590	0.817254	0.668344	0.078455	0.522281	0.109958	98.178240	0.016299	0.015117	
79	-2.851000	0.888230	0.424821	0.816501	0.667926	0.078681	0.516642	0.082596	101.527923	0.016214	0.015287	
80	-2.851000	0.888230	0.424821	0.816501	0.667926	0.078681	0.516642	0.082596	101.527923	0.016214	0.015287	
81	-2.851000	0.888230	0.424821	0.816501	0.667926	0.078681	0.516642	0.082596	101.527923	0.016214	0.015287	
82	-2.851000	0.888230	0.424821	0.816501	0.667926	0.078681	0.516642	0.082596	101.527923	0.016214	0.015287	
83	-2.851000	0.888230	0.424821	0.816501	0.667926	0.078681	0.516642	0.082596	101.527923	0.016214	0.015287	
84	-2.851000	0.888230	0.424821	0.816501	0.667926	0.078681	0.516642	0.082596	101.527923	0.016214	0.015287	
85	-2.854000	0.888246	0.432056	0.816677	0.668220	0.076851	0.517514	0.083626	100.409132	0.015296	0.015118	
86	-2.854000	0.888246	0.432056	0.816677	0.668220	0.076851	0.517514	0.083626	100.409132	0.015296	0.015118	
87	-2.854000	0.888246	0.432056	0.816677	0.668220	0.076851	0.517514	0.083626	100.409132	0.015296	0.015118	
88	-2.854000	0.888246	0.432056	0.816677	0.668220	0.076851	0.517514	0.083626	100.409132	0.015296	0.015118	
89	-2.854000	0.888246	0.432056	0.816677	0.668220	0.076851	0.517514	0.083626	100.409132	0.015296	0.015118	
90	-2.854000	0.888246	0.432056	0.816677	0.668220	0.076851	0.517514	0.083626	100.409132	0.015296	0.015118	
91	-2.854000	0.888246	0.432056	0.816677	0.668220	0.076851	0.517514	0.083626	100.409132	0.015296	0.015118	
92	-2.854000	0.888246	0.432056	0.816677	0.668220	0.076851	0.517514	0.083626	100.409132	0.015296	0.015118	
93	-2.854000	0.888246	0.432056	0.816677	0.668220	0.076851	0.517514	0.083626	100.409132	0.015296	0.015118	
94	-2.854000	0.888246	0.432056	0.816677	0.668220	0.076851	0.517514	0.083626	100.409132	0.015296	0.015118	
95	-2.854000	0.888246	0.432056	0.816677	0.668220	0.076851	0.517514	0.083626	100.409132	0.015296	0.015118	
96	-2.854000	0.888246	0.432056	0.816677	0.668220	0.076851	0.517514	0.083626	100.409132	0.015296	0.015118	
97	-2.854000	0.888246	0.432056	0.816677	0.668220	0.076851	0.517514	0.083626	100.409132	0.015296	0.015118	
98	-2.854000	0.888246	0.432056	0.816677	0.668220	0.076851	0.517514	0.083626	100.409132	0.015296	0.015118	
99	-2.854000	0.888246	0.432056	0.816677	0.668220	0.076851	0.517514	0.083626	100.409132	0.015296	0.015118	
100	-2.854000	0.888246	0.432056	0.816677	0.668220	0.076851	0.517514	0.083626	100.409132	0.015296	0.015118	
101	-2.854000	0.888246	0.432056	0.816677	0.668220	0.076851	0.517514	0.083626	100.409132	0.015296	0.015118	
102	-2.854000	0.888246	0.432056	0.816677	0.668220	0.076851	0.517514	0.083626	100.409132	0.015296	0.015118	
103	-2.854000	0.888246	0.432056	0.816677	0.668220	0.076851	0.517514	0.083626	100.409132	0.015296	0.015118	
104	-2.854000	0.888246	0.432056	0.816677	0.668220	0.076851	0.517514	0.083626	100.409132	0.015296	0.015118	
105	-2.854000	0.888246	0.432056	0.816677	0.668220	0.076851	0.517514	0.083626	100.409132	0.015296	0.015118	
106	-2.865000	0.887930	0.431874	0.818139	0.668339	0.078183	0.517127	0.090109	103.898551	0.019245	0.015217	
107	-2.865000	0.887930	0.431874	0.818139	0.668339	0.078183	0.517127	0.090109	103.898551	0.019245	0.015217	
108	-2.865000	0.887930	0.431874	0.818139	0.668339	0.078183	0.517127	0.090109	103.898551	0.019245	0.015217	
109	-2.865000	0.887930	0.431874	0.818139	0.668339	0.078183	0.517127	0.090109	103.898551	0.019245	0.015217	
110	-2.865000	0.887930	0.431874	0.818139	0.668339	0.078183	0.517127	0.090109	103.898551	0.019245	0.015217	
111	-2.865000	0.887930	0.431874	0.818139	0.668339	0.078183	0.517127	0.090109	103.898551	0.019245	0.015217	
112	-2.867000	0.887749	0.429342	0.816399	0.669964	0.076931	0.531507	0.089757	102.744904	0.019472	0.015333	
113	-2.879000	0.897956	0.483059	0.814792	0.659210	0.060603	0.346281	0.096872	81.001715	0.021059	0.010275	
114	-2.879000	0.897956	0.483059	0.814792	0.659210	0.060603	0.346281	0.096872	81.001715	0.021059	0.010275	
115	-2.879000	0.897956	0.483059	0.814792	0.659210	0.060603	0.346281	0.096872	81.001715	0.021059	0.010275	
116	-2.879000	0.897956	0.483059	0.814792	0.659210	0.060603	0.346281	0.096872	81.001715	0.021059	0.010275	
117	-2.893000	0.892488	0.431582	0.816167	0.668265	0.065151	0.516854	0.089293	81.972625	0.020958	0.011800	
118	-2.893000	0.892488	0.431582	0.816167	0.668265	0.065151	0.516854	0.089293	81.972625	0.020958	0.011800	
119	-2.893000	0.892488	0.431582	0.816167	0.668265	0.065151	0.516854	0.089293	81.972625	0.020958	0.011800	
120	-2.893000	0.892488	0.431582	0.816167	0.668265	0.065151	0.516854	0.089293	81.972625	0.020958	0.011800	
121	-2.893000	0.892488	0.431582	0.816167	0.668265	0.065151	0.516854	0.089293	81.972625	0.020958	0.011800	
122	-2.893000	0.892488	0.431582	0.816167	0.668265	0.065151	0.516854	0.089293	81.972625	0.020958	0.011800	
123	-2.895000	0.891283	0.430076	0.817583	0.668575	0.064573	0.527601	0.095895	96.037056	0.021057	0.010664	
124	-2.895000	0.891283	0.430076	0.817583	0.668575	0.064573	0.527601	0.095895	96.037056	0.021057	0.010664	
125	-2.895000	0.891283	0.430076	0.817583	0.668575	0.064573	0.527601	0.095895	96.037056	0.021057	0.010664	
126	-2.895000	0.891283	0.430076	0.817583	0.668575	0.064573	0.527601	0.095895	96.037056	0.021057	0.010664	
127	-2.895000	0.891283	0.430076	0.817583	0.668575	0.064573	0.527601	0.095895	96.037056	0.021057	0.010664	
128	-2.895000	0.891283	0.430076	0.817583	0.668575	0.064573	0.527601	0.095895	96.037056	0.021057	0.010664	
129	-2.895000	0.891283	0.430076	0.817583	0.668575	0.064573	0.527601	0.095895	96.037056	0.021057	0.010664	
130	-2.895000	0.891283	0.430076	0.817583	0.668575	0.064573	0.527601	0.095895	96.037056	0.021057	0.010664	
131	-2.899000	0.888845	0.433767	0.816732	0.667869	0.066167	0.524231	0.084562	84.596134	0.021105	0.010134	
132	-2.900000	0.889940	0.433746	0.816393	0.668006	0.065704	0.518540	0.086447	83.665036	0.021103	0.010545	
133	-2.900000	0.889940	0.433746	0.816393	0.668006	0.065704	0.518540	0.086447	83.665036	0.021103	0.010545	
134	-2.900000	0.889940	0.433746	0.816393	0.668006	0.065704	0.518540	0.086447	83.665036	0.021103	0.010545	
135	-2.902000	0.888243	0.436090	0.816681	0.667736	0.066593	0.516541	0.085935	85.814322	0.021800	0.010838	
136	-2.905000	0.889655	0.435122	0.816456	0.667957	0.065927	0.516957	0.086171	84.245764	0.021787	0.010669	
137	-2.905000	0.889655	0.435122	0.816456	0.667957	0.065927	0.516957	0.086171	84.245764	0.021787	0.010669	
138	-2.905000	0.889655	0.435122	0.816456	0.667957	0.065927	0.516957	0.086171	84.245764	0.021787	0.010669	
139	-2.905000	0.889655	0.435122	0.816456	0.667957	0.065927	0.516957	0.086171	84.245764	0.021787	0.010669	
140	-2.905000	0.889655	0.435122	0.816456	0.667957	0.065927	0.516957	0.086171	84.245764	0.021787	0.010669	
141	-2.905000	0.889655	0.435122	0.816456	0.667957	0.065927	0.516957	0.086171	84.245764	0.021787	0.010669	
142	-2.905000	0.889655	0.435122	0.816456	0.667957	0.065927	0.516957	0.086171	84.245764	0.021787	0.010669	
143	-2.905000	0.889655	0.435122	0.816456	0.667957	0.065927	0.516957	0.086171	84.245764	0.021787	0.010669	
144	-2.906000	0.888824	0.434468	0.815976	0.667802	0.066048	0.516999	0.081024	84.163092	0.021626	0.010612	
145	-2.908000	0.888414	0.435537	0.814096	0.667800	0.066541	0.500250	0.075235	86.026297	0.021356	0.010545	
146	-2.908000	0.888414	0.435537	0.814096	0.667800	0.066541	0.500250	0.075235	86.026297	0.021356	0.010545	
147	-2.908000	0.888414	0.435537	0.814096	0.667800	0.066541	0.500250	0.075235	86.026297	0.021356	0.010545	
148	-2.909000	0.888786	0.435828	0.815780	0.667729	0.066170	0.513893	0.077773	84.387770	0.021676	0.010687	
149	-2.909000	0.888786	0.435828	0.815780	0.667729	0.066170	0.513893	0.077773	84.387770	0.021676	0.010687	
150	-2.909000	0.888786	0.435828	0.815780	0.667729	0.066170	0.513893	0.077773	84.387770	0.021676	0.010687	
151	-2.909000	0.888786	0.435828	0.815780	0.667729	0.066170	0.513893	0.077773	84.387770	0.021676	0.010687	
152	-2.909000	0.888786	0.435828	0.815780	0.667729	0.066170	0.513893	0.077773	84.387770	0.021676	0.010687	
153	-2.909000	0.888786	0.435828	0.815780	0.667729	0.066170	0.513893	0.077773	84.387770	0.021676	0.010687	
154	-2.909000	0.888786	0.435828	0.815780	0.667729	0.066170	0.513893	0.077773	84.387770	0.021676	0.010687	
155	-2.909000	0.888786	0.435828	0.815780	0.667729	0.066170	0.513893	0.077773	84.387770	0.021676	0.010687	
156	-2.909000	0.888786	0.435828	0.815780	0.667729	0.066170	0.513893	0.077773	84.387770	0.021676	0.010687	
157	-2.909000	0.888786	0.435828	0.815780	0.667729	0.066170	0.513893	0.077773	84.387770	0.021676	0.010687	
158	-2.909000	0.888786	0.435828	0.815780	0.667729	0.066170	0.513893	0.077773	84.387770	0.021676	0.010687	
159	-2.909000	0.888786	0.435828	0.815780	0.667729	0.066170	0.513893	0.077773	84.387770	0.021676	0.010687	
160	-2.909000	0.888786	0.435828	0.815780	0.667729	0.066170	0.513893	0.077773	84.387770	0.021676	0.010687	
161	-2.909000	0.888786	0.435828	0.815780	0.667729	0.066170	0.513893	0.077773	84.387770	0.021676	0.010687	
162	-2.909000	0.888786	0.435828	0.815780	0.667729	0.066170	0.513893	0.077773	84.387770	0.021676	0.010687	
163	-2.909000	0.888786	0.435828	0.815780	0.667729	0.066170	0.513893	0.077773	84.387770	0.021676	0.010687	
164	-2.909000	0.888786	0.435828	0.815780	0.667729	0.066170	0.513893	0.077773	84.387770	0.021676	0.010687	
165	-2.909000	0.888786	0.435828	0.815780	0.667729	0.066170	0.513893	0.077773	84.387770	0.021676	0.010687	
166	-2.909000	0.888786	0.435828	0.815780	0.667729	0.066170	0.513893	0.077773	84.387770	0.021676	0.010687	
167	-2.910000	0.888529	0.435510	0.816222	0.667754	0.066197	0.508364	0.078009	84.480154	0.021696	0.010580	
168	-2.910000	0.888529	0.435510	0.816222	0.667754	0.066197	0.508364	0.078009	84.480154	0.021696	0.010580	
169	-2.910000	0.888529	0.435510	0.816222	0.667754	0.066197	0.508364	0.078009	84.480154	0.021696	0.010580	
170	-2.910000	0.888529	0.435510	0.816222	0.667754	0.066197	0.508364	0.078009	84.480154	0.021696	0.010580	
171	-2.910000	0.888529	0.435510	0.816222	0.667754	0.066197	0.508364	0.078009	84.480154	0.021696	0.010580	
172	-2.910000	0.888529	0.435510	0.816222	0.667754	0.066197	0.508364	0.078009	84.480154	0.021696	0.010580	
173	-2.910000	0.888529	0.435510	0.816222	0.667754	0.066197	0.508364	0.078009	84.480154	0.021696	0.010580	
174	-2.910000	0.888529	0.435510	0.816222	0.667754	0.066197	0.508364	0.078009	84.480154	0.021696	0.010580	
175	-2.910000	0.888529	0.435510	0.816222	0.667754	0.066197	0.508364	0.078009	84.480154	0.021696	0.010580	
176	-2.910000	0.888529	0.435510	0.816222	0.667754	0.066197	0.508364	0.078009	84.480154	0.021696	0.010580	
177	-2.910000	0.888529	0.435510	0.816222	0.667754	0.066197	0.508364	0.078009	84.480154	0.021696	0.010580	
178	-2.910000	0.888529	0.435510	0.816222	0.667754	0.066197	0.508364	0.078009	84.480154	0.021696	0.010580	
179	-2.930000	0.889273	0.397271	0.802368	0.657553	0.074994	0.547889	0.075543	94.074608	0.026910	0.004596	
180	-2.930000	0.889273	0.397271	0.802368	0.657553	0.074994	0.547889	0.075543	94.074608	0.026910	0.004596	
181	-2.930000	0.889273	0.397271	0.802368	0.657553	0.074994	0.547889	0.075543	94.074608	0.026910	0.004596	
182	-2.930000	0.889273	0.397271	0.802368	0.657553	0.074994	0.547889	0.075543	94.074608	0.026910	0.004596	
183	-2.930000	0.889273	0.397271	0.802368	0.657553	0.074994	0.547889	0.075543	94.074608	0.026910	0.004596	
184	-2.934000	0.889092	0.401328	0.812983	0.666970	0.066896	0.531094	0.076065	92.522792	0.026825	0.009838	
185	-2.958000	0.888016	0.405545	0.812542	0.659739	0.067973	0.531455	0.076030	93.769488	0.025492	0.005665	
186	-2.958000	0.888016	0.405545	0.812542	0.659739	0.067973	0.531455	0.076030	93.769488	0.025492	0.005665	
187	-2.958000	0.888016	0.405545	0.812542	0.659739	0.067973	0.531455	0.076030	93.769488	0.025492	0.005665	
188	-2.958000	0.888016	0.405545	0.812542	0.659739	0.067973	0.531455	0.076030	93.769488	0.025492	0.005665	
189	-2.958000	0.888016	0.405545	0.812542	0.659739	0.067973	0.531455	0.076030	93.769488	0.025492	0.005665	
190	-2.958000	0.888016	0.405545	0.812542	0.659739	0.067973	0.531455	0.076030	93.769488	0.025492	0.005665	
191	-2.958000	0.888016	0.405545	0.812542	0.659739	0.067973	0.531455	0.076030	93.769488	0.025492	0.005665	
192	-2.958000	0.888016	0.405545	0.812542	0.659739	0.067973	0.531455	0.076030	93.769488	0.025492	0.005665	
193	-2.958000	0.888016	0.405545	0.812542	0.659739	0.067973	0.531455	0.076030	93.769488	0.025492	0.005665	
194	-2.958000	0.888016	0.405545	0.812542	0.659739	0.067973	0.531455	0.076030	93.769488	0.025492	0.005665	
195	-2.966000	0.888972	0.403688	0.812799	0.662258	0.067140	0.531174	0.076048	92.910188	0.026678	0.007051	
196	-2.966000	0.888972	0.403688	0.812799	0.662258	0.067140	0.531174	0.076048	92.910188	0.026678	0.007051	
197	-2.966000	0.888972	0.403688	0.812799	0.662258	0.067140	0.531174	0.076048	92.910188	0.026678	0.007051	
198	-2.966000	0.888972	0.403688	0.812799	0.662258	0.067140	0.531174	0.076048	92.910188	0.026678	0.007051	
199	-2.966000	0.888972	0.403688	0.812799	0.662258	0.067140	0.531174	0.076048	92.910188	0.026678	0.007051	
200	-2.966000	0.888972	0.403688	0.812799	0.662258	0.067140	0.531174	0.076048	92.910188	0.026678	0.007051	
201	-2.966000	0.888972	0.403688	0.812799	0.662258	0.067140	0.531174	0.076048	92.910188	0.026678	0.007051	
202	-2.966000	0.888972	0.403688	0.812799	0.662258	0.067140	0.531174	0.076048	92.910188	0.026678	0.007051	
203	-2.966000	0.888972	0.403688	0.812799	0.662258	0.067140	0.531174	0.076048	92.910188	0.026678	0.007051	
204	-2.966000	0.888972	0.403688	0.812799	0.662258	0.067140	0.531174	0.076048	92.910188	0.026678	0.007051	
205	-2.972000	0.888727	0.402039	0.812632	0.663062	0.068386	0.552126	0.070743	93.251036	0.027255	0.007225	
206	-2.972000	0.888727	0.402039	0.812632	0.663062	0.068386	0.552126	0.070743	93.251036	0.027255	0.007225	
207	-2.974000	0.888949	0.402248	0.812697	0.662983	0.068120	0.540774	0.072126	93.170430	0.027248	0.007137	
208	-2.974000	0.888949	0.402248	0.812697	0.662983	0.068120	0.540774	0.072126	93.170430	0.027248	0.007137	
209	-2.974000	0.888949	0.402248	0.812697	0.662983	0.068120	0.540774	0.072126	93.170430	0.027248	0.007137	
210	-2.974000	0.888949	0.402248	0.812697	0.662983	0.068120	0.540774	0.072126	93.170430	0.027248	0.007137	
211	-2.974000	0.888949	0.402248	0.812697	0.662983	0.068120	0.540774	0.072126	93.170430	0.027248	0.007137	
212	-2.974000	0.888949	0.402248	0.812697	0.662983	0.068120	0.540774	0.072126	93.170430	0.027248	0.007137	
213	-2.974000	0.888949	0.402248	0.812697	0.662983	0.068120	0.540774	0.072126	93.170430	0.027248	0.007137	
214	-2.974000	0.888949	0.402248	0.812697	0.662983	0.068120	0.540774	0.072126	93.170430	0.027248	0.007137	
215	-2.974000	0.888949	0.402248	0.812697	0.662983	0.068120	0.540774	0.072126	93.170430	0.027248	0.007137	
216	-2.974000	0.888949	0.402248	0.812697	0.662983	0.068120	0.540774	0.072126	93.170430	0.027248	0.007137	
217	-2.974000	0.888949	0.402248	0.812697	0.662983	0.068120	0.540774	0.072126	93.170430	0.027248	0.007137	
218	-2.974000	0.888949	0.402248	0.812697	0.662983	0.068120	0.540774	0.072126	93.170430	0.027248	0.007137	
219	-2.974000	0.888949	0.402248	0.812697	0.662983	0.068120	0.540774	0.072126	93.170430	0.027248	0.007137	
220	-2.975000	0.888954	0.404190	0.812688	0.662791	0.063657	0.533564	0.074352	93.043109	0.026776	0.007101	
221	-2.975000	0.888954	0.404190	0.812688	0.662791	0.063657	0.533564	0.074352	93.043109	0.026776	0.007101	
222	-2.975000	0.888954	0.404190	0.812688	0.662791	0.063657	0.533564	0.074352	93.043109	0.026776	0.007101	
223	-2.986000	0.882100	0.415390	0.814271	0.663660	0.057422	0.566486	0.082410	99.470740	0.026726	0.005749	
224	-2.986000	0.882100	0.415390	0.814271	0.663660	0.057422	0.566486	0.082410	99.470740	0.026726	0.005749	
225	-3.048000	0.882487	0.452238	0.821045	0.662662	0.058536	0.446183	0.066228	68.664398	0.025370	0.005907	
226	-3.048000	0.882487	0.452238	0.821045	0.662662	0.058536	0.446183	0.066228	68.664398	0.025370	0.005907	
227	-3.048000	0.882487	0.452238	0.821045	0.662662	0.058536	0.446183	0.066228	68.664398	0.025370	0.005907	
228	-3.048000	0.882487	0.452238	0.821045	0.662662	0.058536	0.446183	0.066228	68.664398	0.025370	0.005907	
229	-3.048000	0.882487	0.452238	0.821045	0.662662	0.058536	0.446183	0.066228	68.664398	0.025370	0.005907	
230	-3.048000	0.882487	0.452238	0.821045	0.662662	0.058536	0.446183	0.066228	68.664398	0.025370	0.005907	
231	-3.048000	0.882487	0.452238	0.821045	0.662662	0.058536	0.446183	0.066228	68.664398	0.025370	0.005907	
232	-3.048000	0.882487	0.452238	0.821045	0.662662	0.058536	0.446183	0.066228	68.664398	0.025370	0.005907	
233	-3.048000	0.882487	0.452238	0.821045	0.662662	0.058536	0.446183	0.066228	68.664398	0.025370	0.005907	
234	-3.048000	0.882487	0.452238	0.821045	0.662662	0.058536	0.446183	0.066228	68.664398	0.025370	0.005907	
235	-3.048000	0.882487	0.452238	0.821045	0.662662	0.058536	0.446183	0.066228	68.664398	0.025370	0.005907	
236	-3.048000	0.882487	0.452238	0.821045	0.662662	0.058536	0.446183	0.066228	68.664398	0.025370	0.005907	
237	-3.048000	0.882487	0.452238	0.821045	0.662662	0.058536	0.446183	0.066228	68.664398	0.025370	0.005907	
238	-3.048000	0.882487	0.452238	0.821045	0.662662	0.058536	0.446183	0.066228	68.664398	0.025370	0.005907	
239	-3.048000	0.882487	0.452238	0.821045	0.662662	0.058536	0.446183	0.066228	68.664398	0.025370	0.005907	
240	-3.048000	0.882487	0.452238	0.821045	0.662662	0.058536	0.446183	0.066228	68.664398	0.025370	0.005907	
241	-3.048000	0.882487	0.452238	0.821045	0.662662	0.058536	0.446183	0.066228	68.664398	0.025370	0.005907	
242	-3.048000	0.882487	0.452238	0.821045	0.662662	0.058536	0.446183	0.066228	68.664398	0.025370	0.005907	
243	-3.048000	0.882487	0.452238	0.821045	0.662662	0.058536	0.446183	0.066228	68.664398	0.025370	0.005907	
244	-3.048000	0.882487	0.452238	0.821045	0.662662	0.058536	0.446183	0.066228	68.664398	0.025370	0.005907	
245	-3.048000	0.882487	0.452238	0.821045	0.662662	0.058536	0.446183	0.066228	68.664398	0.025370	0.005907	
246	-3.048000	0.882487	0.452238	0.821045	0.662662	0.058536	0.446183	0.066228	68.664398	0.025370	0.005907	
247	-3.048000	0.882487	0.452238	0.821045	0.662662	0.058536	0.446183	0.066228	68.664398	0.025370	0.005907	
248	-3.048000	0.882487	0.452238	0.821045	0.662662	0.058536	0.446183	0.066228	68.664398	0.025370	0.005907	
249	-3.048000	0.882487	0.452238	0.821045	0.662662	0.058536	0.446183	0.066228	68.664398	0.025370	0.005907	
250	-3.048000	0.882487	0.452238	0.821045	0.662662	0.058536	0.446183	0.066228	68.664398	0.025370	0.005907	